0.01 7
1 26.984655
2 1.225535
3 0.275823
4 0.147840
5 0.026819
6 0.000590
7 0.000001

0.1 5
1 2.087818
2 0.472366
3 0.031669
4 0.000180
5 0.000000

0.5 4
1 0.500000
2 0.096659
3 0.002861
4 0.000003

2 5 
1 0.500000
2 0.076128
3 0.013866
4 0.000467
5 0.000000

2.2 5
1 0.500000
2 0.083610
3 0.021742
4 0.001587
5 0.000009

2.3 6
1 0.500000
2 0.092169
3 0.026931
4 0.003006
5 0.000046
6 0.000000

2.4 6
1 0.500000
2 0.100684
3 0.033181
4 0.005876
5 0.000303
6 0.000001

2.5 32
1 0.500000
2 0.109161
3 0.040712
4 0.012056
5 0.003419
6 0.001202
7 0.001498
8 0.001053
9 0.002979
10 0.001091
11 0.002326
12 0.000995
13 0.007418
14 0.002077
15 0.000968
16 0.049906
17 0.013126
18 0.003682
19 0.001262
20 0.001318
21 0.001234
22 0.001390
23 0.001139
24 0.001815
25 0.000967
26 0.044394
27 0.010089
28 0.002933
29 0.001078
30 0.002518
31 0.001023
32 0.004225

3 32
2 0.151220
3 0.109714
4 12.081385
5 0.988150
6 4982.244794
7 1255.732251
8 314.127600
9 78.650899
10 19.798282
11 4.991243
12 1.121875
13 0.273683
14 0.382010
15 0.361991
16 0.201135
17 0.129419
18 0.503540
19 0.169849
20 0.116798
21 1.417613
22 0.375510
23 0.152368
24 0.123493
25 0.449738
26 0.155678
27 0.126302
28 0.381496
29 0.140491
30 0.148528
31 0.155663
32 0.119018

